456.6 444.0 431.9 420.4 409.4 398.9 388.8 379.2 369.9 361.1 352.6 344.4 336.6 329.1 321.9 314.9 308.3 301.8 295.6 289.7 283.9
453.5 441.0 429.0 417.6 406.7 396.3 386.3 376.7 367.6 358.8 350.4 342.3 334.5 327.1 319.9 313.0 306.4 300.0 293.9 287.9 282.2
450.4 438.0 426.1 414.8 404.0 393.6 383.7 374.3 365.2 356.5 348.1 340.1 332.4 325.0 317.9 311.1 304.5 298.2 292.1 286.2 280.6
447.3 435.0 423.2 412.0 401.3 391.0 381.2 371.8 362.8 354.2 345.9 338.0 330.4 323.0 316.0 309.2 302.7 296.4 290.4 284.5 278.9
444.2 432.0 420.4 409.2 398.6 388.5 378.7 369.4 360.5 351.9 343.7 335.9 328.3 321.0 314.0 307.3 300.9 294.6 288.6 282.9 277.3
441.1 429.1 417.5 406.5 396.0 385.9 376.3 367.0 358.2 349.7 341.6 333.7 326.2 319.0 312.1 305.5 299.0 292.9 286.9 281.2 275.7
438.1 426.1 414.7 403.8 393.3 383.3 373.8 364.6 355.9 347.5 339.4 331.6 324.2 317.1 310.2 303.6 297.2 291.1 285.2 279.5 274.0
435.1 423.2 411.9 401.1 390.7 380.8 371.3 362.3 353.6 345.2 337.2 329.6 322.2 315.1 308.3 301.7 295.4 289.4 283.5 277.9 272.4
432.1 420.3 409.1 398.4 388.1 378.3 368.9 359.9 351.3 343.0 335.1 327.5 320.2 313.1 306.4 299.9 293.6 287.6 281.8 276.2 270.8
429.1 417.5 406.3 395.7 385.5 375.8 366.5 357.6 349.0 340.8 333.0 325.4 318.2 311.2 304.5 298.1 291.9 285.9 280.1 274.6 269.2
426.1 414.6 403.6 393.0 383.0 373.3 364.1 355.2 346.8 338.6 330.8 323.4 316.2 309.3 302.6 296.2 290.1 284.2 278.5 273.0 267.6
423.2 411.8 400.8 390.4 380.4 370.8 361.7 352.9 344.5 336.5 328.7 321.3 314.2 307.3 300.8 294.4 288.3 282.5 276.8 271.3 266.1
420.3 409.0 398.1 387.8 377.9 368.4 359.3 350.6 342.3 334.3 326.7 319.3 312.2 305.4 298.9 292.6 286.6 280.8 275.1 269.7 264.5
417.4 406.2 395.4 385.2 375.3 366.0 357.0 348.3 340.1 332.2 324.6 317.3 310.3 303.5 297.1 290.8 284.8 279.1 273.5 268.1 262.9
414.5 403.4 392.7 382.6 372.8 363.5 354.6 346.1 337.9 330.0 322.5 315.3 308.3 301.7 295.2 289.1 283.1 277.4 271.9 266.5 261.4
411.7 400.6 390.1 380.0 370.4 361.1 352.3 343.8 335.7 327.9 320.5 313.3 306.4 299.8 293.4 287.3 281.4 275.7 270.2 265.0 259.9
408.8 397.9 387.4 377.4 367.9 358.7 350.0 341.6 333.5 325.8 318.4 311.3 304.5 297.9 291.6 285.5 279.7 274.0 268.6 263.4 258.3
406.0 395.2 384.8 374.9 365.4 356.4 347.7 339.4 331.4 323.7 316.4 309.4 302.6 296.1 289.8 283.8 278.0 272.4 267.0 261.8 256.8
403.2 392.5 382.2 372.4 363.0 354.0 345.4 337.2 329.2 321.7 314.4 307.4 300.7 294.2 288.0 282.1 276.3 270.8 265.4 260.3 255.3
400.4 389.8 379.6 369.9 360.6 351.7 343.1 335.0 327.1 319.6 312.4 305.5 298.8 292.4 286.3 280.3 274.6 269.1 263.8 258.7 253.8
397.7 387.1 377.0 367.4 358.2 349.3 340.9 332.8 325.0 317.6 310.4 303.5 296.9 290.6 284.5 278.6 273.0 267.5 262.3 257.2 252.3
394.9 384.5 374.5 364.9 355.8 347.0 338.6 330.6 322.9 315.5 308.4 301.6 295.1 288.8 282.7 276.9 271.3 265.9 260.7 255.7 250.8
392.2 381.8 371.9 362.4 353.4 344.7 336.4 328.5 320.8 313.5 306.5 299.7 293.2 287.0 281.0 275.2 269.7 264.3 259.1 254.1 249.3
389.5 379.2 369.4 360.0 351.0 342.4 334.2 326.3 318.7 311.5 304.5 297.8 291.4 285.2 279.3 273.5 268.0 262.7 257.6 252.6 247.9
386.8 376.6 366.9 357.6 348.7 340.2 332.0 324.2 316.7 309.5 302.6 295.9 289.6 283.4 277.5 271.9 266.4 261.1 256.0 251.1 246.4
384.1 374.0 364.4 355.2 346.4 337.9 329.8 322.1 314.6 307.5 300.7 294.1 287.8 281.7 275.8 270.2 264.8 259.5 254.5 249.6 244.9
381.5 371.5 361.9 352.8 344.0 335.7 327.7 320.0 312.6 305.5 298.7 292.2 285.9 279.9 274.1 268.5 263.2 258.0 253.0 248.2 243.5
378.8 368.9 359.5 350.4 341.7 333.4 325.5 317.9 310.6 303.6 296.8 290.4 284.2 278.2 272.4 266.9 261.6 256.4 251.5 246.7 242.1
376.2 366.4 357.0 348.0 339.5 331.2 323.4 315.8 308.6 301.6 294.9 288.5 282.4 276.5 270.7 265.3 260.0 254.9 250.0 245.2 240.6
373.6 363.9 354.6 345.7 337.2 329.0 321.2 313.8 306.6 299.7 293.1 286.7 280.6 274.7 269.1 263.6 258.4 253.3 248.5 243.8 239.2
371.0 361.4 352.2 343.4 334.9 326.9 319.1 311.7 304.6 297.8 291.2 284.9 278.8 273.0 267.4 262.0 256.8 251.8 247.0 242.3 237.8
368.5 358.9 349.8 341.1 332.7 324.7 317.0 309.7 302.6 295.9 289.3 283.1 277.1 271.3 265.8 260.4 255.3 250.3 245.5 240.9 236.4
365.9 356.5 347.4 338.8 330.5 322.5 314.9 307.7 300.7 294.0 287.5 281.3 275.4 269.6 264.1 258.8 253.7 248.8 244.0 239.4 235.0
363.4 354.0 345.1 336.5 328.3 320.4 312.9 305.6 298.7 292.1 285.7 279.5 273.6 268.0 262.5 257.2 252.2 247.3 242.6 238.0 233.6
360.9 351.6 342.7 334.2 326.1 318.3 310.8 303.7 296.8 290.2 283.9 277.8 271.9 266.3 260.9 255.7 250.6 245.8 241.1 236.6 232.2
358.4 349.2 340.4 332.0 323.9 316.2 308.8 301.7 294.9 288.3 282.0 276.0 270.2 264.6 259.3 254.1 249.1 244.3 239.7 235.2 230.9
355.9 346.8 338.1 329.7 321.7 314.1 306.7 299.7 293.0 286.5 280.3 274.3 268.5 263.0 257.7 252.5 247.6 242.8 238.2 233.8 229.5
353.5 344.4 335.8 327.5 319.6 312.0 304.7 297.7 291.1 284.6 278.5 272.5 266.8 261.4 256.1 251.0 246.1 241.4 236.8 232.4 228.2
351.0 342.0 333.5 325.3 317.4 309.9 302.7 295.8 289.2 282.8 276.7 270.8 265.2 259.7 254.5 249.5 244.6 239.9 235.4 231.0 226.8
348.6 339.7 331.2 323.1 315.3 307.9 300.7 293.9 287.3 281.0 274.9 269.1 263.5 258.1 252.9 247.9 243.1 238.5 234.0 229.7 225.5
346.2 337.4 329.0 320.9 313.2 305.8 298.7 292.0 285.4 279.2 273.2 267.4 261.8 256.5 251.4 246.4 241.6 237.0 232.6 228.3 224.1