456.6 398.9 352.6 314.9 283.9 257.9 235.9 217.0 200.4 185.6 172.2 159.9 148.3 137.2 126.5 115.9 105.5 95.1 84.7 74.5 64.3
441.1 385.9 341.6 305.5 275.7 250.7 229.5 211.3 195.3 181.0 168.1 156.2 145.0 134.2 123.8 113.6 103.4 93.3 83.2 73.2 63.3
426.1 373.3 330.8 296.2 267.6 243.7 223.3 205.7 190.3 176.6 164.1 152.6 141.7 131.3 121.2 111.3 101.4 91.6 81.7 71.9 62.2
411.7 361.1 320.5 287.3 259.9 236.8 217.3 200.4 185.5 172.3 160.2 149.1 138.6 128.5 118.7 109.0 99.4 89.8 80.2 70.7 61.2
397.7 349.3 310.4 278.6 252.3 230.2 211.4 195.1 180.8 168.0 156.4 145.6 135.5 125.7 116.2 106.8 97.5 88.1 78.8 69.4 60.2
384.1 337.9 300.7 270.2 244.9 223.7 205.6 190.0 176.2 163.9 152.7 142.3 132.4 123.0 113.7 104.6 95.5 86.4 77.3 68.2 59.2
371.0 326.9 291.2 262.0 237.8 217.4 200.1 185.0 171.7 159.9 149.0 139.0 129.4 120.3 111.3 102.5 93.6 84.8 75.9 67.0 58.2
358.4 316.2 282.0 254.1 230.9 211.3 194.6 180.1 167.4 155.9 145.5 135.7 126.5 117.7 109.0 100.4 91.8 83.2 74.5 65.8 57.2
346.2 305.8 273.2 246.4 224.1 205.4 189.3 175.4 163.1 152.1 142.0 132.6 123.7 115.1 106.7 98.3 90.0 81.6 73.1 64.7 56.3
334.4 295.8 264.6 238.9 217.6 199.6 184.2 170.8 159.0 148.3 138.6 129.5 120.9 112.6 104.4 96.3 88.2 80.0 71.8 63.5 55.3
323.0 286.1 256.3 231.7 211.3 194.0 179.2 166.3 154.9 144.7 135.3 126.5 118.2 110.1 102.2 94.3 86.4 78.5 70.5 62.4 54.4
311.9 276.7 248.2 224.7 205.1 188.5 174.3 161.9 151.0 141.1 132.1 123.6 115.5 107.7 100.0 92.4 84.7 77.0 69.2 61.3 53.5
301.3 267.7 240.4 217.9 199.1 183.2 169.6 157.7 147.1 137.6 128.9 120.7 112.9 105.4 97.9 90.5 83.0 75.5 67.9 60.2 52.6
291.0 258.9 232.8 211.3 193.3 178.1 165.0 153.5 143.4 134.2 125.8 117.9 110.4 103.1 95.8 88.6 81.4 74.1 66.6 59.2 51.7
281.0 250.4 225.5 204.9 187.7 173.0 160.5 149.5 139.8 130.9 122.8 115.2 107.9 100.8 93.8 86.8 79.8 72.6 65.4 58.1 50.8
271.4 242.2 218.4 198.7 182.2 168.2 156.1 145.6 136.2 127.7 119.9 112.5 105.5 98.6 91.8 85.0 78.2 71.2 64.2 57.1 50.0
262.2 234.2 211.5 192.6 176.8 163.4 151.9 141.7 132.7 124.6 117.0 109.9 103.1 96.4 89.9 83.3 76.6 69.9 63.0 56.1 49.1
253.2 226.6 204.8 186.8 171.7 158.8 147.7 138.0 129.3 121.5 114.2 107.3 100.8 94.3 88.0 81.6 75.1 68.5 61.8 55.1 48.3
244.5 219.1 198.3 181.1 166.7 154.3 143.7 134.4 126.0 118.5 111.5 104.9 98.5 92.3 86.1 79.9 73.6 67.2 60.7 54.1 47.5
236.2 211.9 192.1 175.6 161.8 150.0 139.8 130.8 122.8 115.6 108.8 102.4 96.3 90.2 84.3 78.2 72.1 65.9 59.6 53.1 46.6
228.1 205.0 186.0 170.3 157.1 145.8 136.0 127.4 119.7 112.7 106.2 100.0 94.1 88.3 82.5 76.6 70.7 64.6 58.4 52.2 45.8
220.3 198.2 180.2 165.1 152.5 141.7 132.3 124.0 116.7 109.9 103.6 97.7 92.0 86.3 80.7 75.0 69.3 63.4 57.4 51.2 45.1
212.7 191.7 174.5 160.1 148.0 137.7 128.7 120.8 113.7 107.2 101.2 95.4 89.9 84.4 79.0 73.5 67.9 62.1 56.3 50.3 44.3
205.4 185.4 169.0 155.2 143.7 133.8 125.2 117.6 110.8 104.5 98.7 93.2 87.9 82.6 77.3 72.0 66.5 60.9 55.2 49.4 43.5
198.4 179.3 163.6 150.5 139.5 130.0 121.8 114.5 108.0 102.0 96.4 91.0 85.9 80.8 75.7 70.5 65.2 59.8 54.2 48.5 42.8
191.6 173.4 158.5 146.0 135.4 126.3 118.4 111.5 105.2 99.4 94.1 88.9 83.9 79.0 74.0 69.0 63.9 58.6 53.2 47.7 42.1
185.0 167.7 153.4 141.5 131.4 122.8 115.2 108.5 102.5 97.0 91.8 86.9 82.0 77.3 72.5 67.6 62.6 57.5 52.2 46.8 41.3
178.7 162.2 148.6 137.2 127.6 119.3 112.1 105.7 99.9 94.6 89.6 84.8 80.2 75.6 70.9 66.2 61.3 56.4 51.2 46.0 40.6
172.6 156.9 143.9 133.1 123.8 115.9 109.0 102.9 97.3 92.2 87.4 82.9 78.4 73.9 69.4 64.8 60.1 55.3 50.3 45.1 39.9
166.6 151.7 139.4 129.0 120.2 112.7 106.0 100.2 94.9 90.0 85.4 80.9 76.6 72.3 67.9 63.5 58.9 54.2 49.3 44.3 39.2
160.9 146.7 134.9 125.1 116.7 109.5 103.2 97.5 92.4 87.7 83.3 79.0 74.9 70.7 66.5 62.2 57.7 53.1 48.4 43.5 38.6
155.4 141.9 130.7 121.3 113.3 106.4 100.3 95.0 90.1 85.6 81.3 77.2 73.2 69.1 65.1 60.9 56.6 52.1 47.5 42.7 37.9
150.1 137.2 126.5 117.6 110.0 103.4 97.6 92.5 87.8 83.4 79.3 75.4 71.5 67.6 63.7 59.6 55.4 51.1 46.6 42.0 37.2
144.9 132.7 122.5 114.0 106.7 100.5 94.9 90.0 85.5 81.4 77.4 73.6 69.9 66.1 62.3 58.4 54.3 50.1 45.7 41.2 36.6
139.9 128.3 118.7 110.5 103.6 97.6 92.3 87.6 83.4 79.4 75.6 71.9 68.3 64.7 61.0 57.2 53.2 49.1 44.9 40.5 36.0
135.1 124.1 114.9 107.2 100.6 94.9 89.8 85.3 81.2 77.4 73.8 70.2 66.8 63.3 59.7 56.0 52.1 48.2 44.0 39.7 35.3
130.5 120.0 111.3 103.9 97.6 92.2 87.4 83.1 79.1 75.5 72.0 68.6 65.2 61.9 58.4 54.8 51.1 47.2 43.2 39.0 34.7
126.0 116.0 107.8 100.8 94.8 89.6 85.0 80.9 77.1 73.6 70.3 67.0 63.8 60.5 57.1 53.7 50.1 46.3 42.4 38.3 34.1
121.7 112.2 104.3 97.7 92.0 87.0 82.7 78.7 75.2 71.8 68.6 65.4 62.3 59.2 55.9 52.6 49.1 45.4 41.6 37.6 33.5
117.5 108.5 101.0 94.7 89.3 84.6 80.4 76.7 73.2 70.0 66.9 63.9 60.9 57.9 54.7 51.5 48.1 44.5 40.8 36.9 32.9
113.5 104.9 97.8 91.8 86.7 82.2 78.2 74.6 71.4 68.3 65.3 62.4 59.5 56.6 53.6 50.4 47.1 43.6 40.0 36.3 32.4