50 -20 0
50 -19 0
50 -18 0
50 -17 0
50 -16 0
50 -15 0
50 -14 0
50 -13 0
50 -12 35.4864
50 -11 35.4842
50 -10 35.4954
50 -9 35.2803
50 -8 35.2295
50 -7 35.258
50 -6 0
50 -5 0
50 -4 35.0667
50 -3 35.1
50 -2 35.0525
50 -1 34.9047
50 0 34.9522
50 1 34.693
50 2 34.025
50 3 0
50 4 0
50 5 0
50 6 0
50 7 0
50 8 0
50 9 0
50 10 0
51 -20 0
51 -19 0
51 -18 0
51 -17 0
51 -16 35.4371
51 -15 35.4484
51 -14 35.4569
51 -13 35.5011
51 -12 34.158
51 -11 35.2921
51 -10 35.1508
51 -9 34.9847
51 -8 35.0908
51 -7 35.0497
51 -6 35.0913
51 -5 0
51 -4 0
51 -3 35.12
51 -2 34.3633
51 -1 35.1371
51 0 35.1197
51 1 34.872
51 2 34.4498
51 3 33.5369
51 4 0
51 5 0
51 6 0
51 7 0
51 8 0
51 9 0
51 10 0
52 -20 0
52 -19 0
52 -18 35.41
52 -17 0
52 -16 35.3426
52 -15 35.3734
52 -14 35.3912
52 -13 35.4486
52 -12 35.4655
52 -11 35.2288
52 -10 34.4047
52 -9 34.9183
52 -8 34.0867
52 -7 34.8705
52 -6 35.1298
52 -5 36.2698
52 -4 37.1258
52 -3 36.6971
52 -2 37.5861
52 -1 36.1124
52 0 35.1678
52 1 34.7256
52 2 34.7838
52 3 34.2339
52 4 32.3292
52 5 29.8784
52 6 30.0567
52 7 30.3567
52 8 30.7566
52 9 30.2457
52 10 30.1543
53 -20 30.5134
53 -19 30.1643
53 -18 35.4135
53 -17 35.1643
53 -16 35.3643
53 -15 35.3835
53 -14 35.3739
53 -13 35.388
53 -12 35.4325
53 -11 35.2563
53 -10 34.571
53 -9 32.2866
53 -8 31.3948
53 -7 30.1349
53 -6 29.2134
53 -5 28.2934
53 -4 28.1167
53 -3 27.8193
53 -2 28.0152
53 -1 29.6190
53 0 31.0983
53 1 34.1486
53 2 34.3512
53 3 34.6415
53 4 34.316
53 5 31.8576
53 6 30.9381
53 7 30.7761
53 8 30.1326
53 9 29.6358
53 10 30.991
54 -20 32.1445
54 -19 33.5792
54 -18 35.3671
54 -17 35.3836
54 -16 35.3361
54 -15 35.3625
54 -14 35.3775
54 -13 35.3767
54 -12 35.3675
54 -11 35.2518
54 -10 34.0311
54 -9 35.027
54 -8 0
54 -7 0
54 -6 0
54 -5 0
54 -4 0
54 -3 0
54 -2 0
54 -1 0
54 0 34.2797
54 1 34.5672
54 2 34.5529
54 3 34.5156
54 4 34.486
54 5 34.3686
54 6 33.8628
54 7 33.0239
54 8 32.183
54 9 0
54 10 16.721
55 -20 0
55 -19 35.3417
55 -18 35.3718
55 -17 35.3251
55 -16 35.3696
55 -15 35.3628
55 -14 35.3834
55 -13 35.3967
55 -12 35.3398
55 -11 35.3192
55 -10 33.9985
55 -9 35.1072
55 -8 35.049
55 -7 34.8158
55 -6 34.093
55 -5 32.7408
55 -4 0
55 -3 0
55 -2 0
55 -1 34.3895
55 0 34.613
55 1 34.5648
55 2 34.659
55 3 34.6514
55 4 34.5509
55 5 34.5345
55 6 34.2723
55 7 33.5379
55 8 31.6339
55 9 23.4155
55 10 16.5787
56 -20 0
56 -19 35.337
56 -18 35.3465
56 -17 35.3465
56 -16 35.3102
56 -15 35.2872
56 -14 35.3912
56 -13 35.3664
56 -12 35.3694
56 -11 35.3516
56 -10 35.3842
56 -9 35.3148
56 -8 35.2213
56 -7 34.6192
56 -6 34.1886
56 -5 30.2624
56 -4 0
56 -3 34.2934
56 -2 34.3274
56 -1 34.5306
56 0 34.6293
56 1 34.8066
56 2 34.9334
56 3 34.852
56 4 34.7645
56 5 34.6764
56 6 34.2271
56 7 33.5976
56 8 14.6265
56 9 0
56 10 21.5167
57 -20 0
57 -19 0
57 -18 0
57 -17 35.2491
57 -16 35.2544
57 -15 35.2152
57 -14 35.2348
57 -13 35.3051
57 -12 35.3353
57 -11 35.3214
57 -10 35.3358
57 -9 35.287
57 -8 35.0631
57 -7 34.8363
57 -6 34.5603
57 -5 0
57 -4 0
57 -3 0
57 -2 34.5739
57 -1 34.7143
57 0 34.7926
57 1 34.9085
57 2 34.9688
57 3 34.7691
57 4 34.5834
57 5 34.2987
57 6 34.0871
57 7 33.7413
57 8 32.5082
57 9 24.7461
57 10 16.0027
58 -20 35.2342
58 -19 35.2855
58 -18 35.3348
58 -17 35.3151
58 -16 35.2679
58 -15 35.2375
58 -14 34.8868
58 -13 35.2539
58 -12 35.3371
58 -11 35.3381
58 -10 35.3825
58 -9 35.3375
58 -8 35.2386
58 -7 35.065
58 -6 34.5498
58 -5 34.3387
58 -4 34.0682
58 -3 34.4744
58 -2 34.7685
58 -1 34.867
58 0 34.9677
58 1 34.9507
58 2 34.9237
58 3 34.6909
58 4 34.0324
58 5 33.5369
58 6 33.0061
58 7 31.4723
58 8 30.606
58 9 28.7244
58 10 31.9228
59 -20 0
59 -19 35.1032
59 -18 35.1149
59 -17 35.1761
59 -16 35.1725
59 -15 35.2774
59 -14 35.2466
59 -13 35.2464
59 -12 35.3306
59 -11 35.3265
59 -10 35.3009
59 -9 35.2666
59 -8 35.2843
59 -7 35.2422
59 -6 35.0484
59 -5 34.9536
59 -4 34.9915
59 -3 34.7718
59 -2 34.9168
59 -1 35.1127
59 0 35.107
59 1 35.013
59 2 34.8854
59 3 34.6478
59 4 33.1939
59 5 33.0975
59 6 33.384
59 7 0
59 8 0
59 9 23.5477
59 10 17.6844
60 -20 35.1142
60 -19 35.0814
60 -18 0
60 -17 0
60 -16 35.2225
60 -15 0
60 -14 0
60 -13 0
60 -12 35.277
60 -11 0
60 -10 35.2787
60 -9 0
60 -8 35.2472
60 -7 35.235
60 -6 35.2955
60 -5 35.2893
60 -4 35.2353
60 -3 35.0475
60 -2 35.1412
60 -1 35.1983
60 0 35.1289
60 1 35.1426
60 2 34.7937
60 3 34.7418
60 4 33.3092
60 5 30.9445
60 6 29.6451
60 7 26.0074
60 8 0
60 9 0
60 10 0
61 -20 34.9754
61 -19 0
61 -18 0
61 -17 0
61 -16 0
61 -15 0
61 -14 0
61 -13 0
61 -12 0
61 -11 0
61 -10 0
61 -9 0
61 -8 0
61 -7 35.112
61 -6 35.1331
61 -5 35.1763
61 -4 34.955
61 -3 35.1751
61 -2 35.2038
61 -1 35.1402
61 0 35.2634
61 1 35.0178
61 2 35.2069
61 3 34.7018
61 4 33.0791
61 5 30.2976
61 6 29.3019
61 7 23.6396
61 8 26.1668
61 9 0
61 10 0
62 -20 35.0906
62 -19 0
62 -18 0
62 -17 0
62 -16 0
62 -15 0
62 -14 0
62 -13 0
62 -12 0
62 -11 0
62 -10 0
62 -9 0
62 -8 0
62 -7 0
62 -6 35.0588
62 -5 35.0821
62 -4 35.1068
62 -3 0
62 -2 30.9211
62 -1 35.2305
62 0 34.3843
62 1 35.2214
62 2 30.6876
62 3 33.386
62 4 33.0329
62 5 31.4803
62 6 31.1053
62 7 28.0121
62 8 0
62 9 0
62 10 0
63 -20 35.1159
63 -19 0
63 -18 0
63 -17 0
63 -16 0
63 -15 0
63 -14 0
63 -13 0
63 -12 0
63 -11 0
63 -10 0
63 -9 0
63 -8 0
63 -7 0
63 -6 0
63 -5 0
63 -4 0
63 -3 0
63 -2 0
63 -1 25.7987
63 0 35.1197
63 1 26.103
63 2 35.1238
63 3 34.856
63 4 34.4707
63 5 33.1564
63 6 31.8707
63 7 31.9613
63 8 32.1584
63 9 31.5526
63 10 0
64 -20 0
64 -19 0
64 -18 0
64 -17 0
64 -16 0
64 -15 0
64 -14 35.1592
64 -13 35.1681
64 -12 35.1494
64 -11 35.1687
64 -10 0
64 -9 35.058
64 -8 0
64 -7 34.817
64 -6 0
64 -5 0
64 -4 34.911
64 -3 0
64 -2 34.9256
64 -1 0
64 0 32.6719
64 1 34.9195
64 2 34.9271
64 3 35.1182
64 4 33.7654
64 5 34.4154
64 6 33.4749
64 7 33.6397
64 8 33.4351
64 9 33.8956
64 10 31.3503
65 -20 0
65 -19 0
65 -18 0
65 -17 0
65 -16 0
65 -15 0
65 -14 0
65 -13 34.7475
65 -12 0
65 -11 35.011
65 -10 0
65 -9 0
65 -8 34.8833
65 -7 0
65 -6 34.8884
65 -5 0
65 -4 35.001
65 -3 0
65 -2 34.8412
65 -1 35.0875
65 0 34.1625
65 1 35.0658
65 2 34.616
65 3 0
65 4 34.9971
65 5 30.3084
65 6 34.9406
65 7 33.5115
65 8 34.6961
65 9 34.5622
65 10 32.0405
66 -20 0
66 -19 0
66 -18 0
66 -17 0
66 -16 0
66 -15 0
66 -14 0
66 -13 0
66 -12 34.9388
66 -11 0
66 -10 34.597
66 -9 0
66 -8 0
66 -7 34.6382
66 -6 0
66 -5 34.6935
66 -4 34.9382
66 -3 34.8815
66 -2 0
66 -1 34.959
66 0 35.128
66 1 34.9159
66 2 34.9593
66 3 0
66 4 34.4684
66 5 35.079
66 6 33.9038
66 7 35.034
66 8 31.9068
66 9 34.976
66 10 33.0996
67 -20 0
67 -19 0
67 -18 0
67 -17 0
67 -16 34.6156
67 -15 28.2331
67 -14 34.5539
67 -13 33.7635
67 -12 0
67 -11 34.8043
67 -10 16.4533
67 -9 34.6156
67 -8 25.0677
67 -7 0
67 -6 34.7336
67 -5 31.2681
67 -4 34.819
67 -3 0
67 -2 33.6039
67 -1 0
67 0 33.8808
67 1 35.068
67 2 26.8366
67 3 35.143
67 4 35.0782
67 5 33.6873
67 6 35.059
67 7 33.2853
67 8 35.0024
67 9 33.8498
67 10 32.3187
68 -20 0
68 -19 34.8866
68 -18 34.7465
68 -17 0
68 -16 34.6793
68 -15 0
68 -14 0
68 -13 34.693
68 -12 34.7935
68 -11 0
68 -10 0
68 -9 34.7536
68 -8 34.7487
68 -7 34.8552
68 -6 34.763
68 -5 0
68 -4 35.0266
68 -3 34.8993
68 -2 0
68 -1 34.9996
68 0 35.0523
68 1 34.7489
68 2 34.9488
68 3 35.128
68 4 34.4452
68 5 35.0972
68 6 34.8878
68 7 35.0884
68 8 34.5458
68 9 34.7207
68 10 33.1823
69 -20 0
69 -19 0
69 -18 34.7526
69 -17 34.3888
69 -16 34.5942
69 -15 34.7387
69 -14 34.7198
69 -13 0
69 -12 0
69 -11 0
69 -10 0
69 -9 34.7156
69 -8 0
69 -7 0
69 -6 0
69 -5 0
69 -4 34.0441
69 -3 0
69 -2 0
69 -1 31.7076
69 0 0
69 1 35.1261
69 2 34.4707
69 3 0
69 4 34.5914
69 5 0
69 6 0
69 7 34.563
69 8 34.914
69 9 0
69 10 34.0528
70 -20 30.3541
70 -19 29.9095
70 -18 32.2883
70 -17 0
70 -16 32.3376
70 -15 0
70 -14 0
70 -13 33.3692
70 -12 0
70 -11 0
70 -10 30.8829
70 -9 0
70 -8 0
70 -7 32.8686
70 -6 0
70 -5 0
70 -4 34.5408
70 -3 34.5104
70 -2 35.086
70 -1 34.8857
70 0 34.1753
70 1 34.6616
70 2 35.0611
70 3 34.7664
70 4 35.0811
70 5 35.1238
70 6 35.1469
70 7 34.9411
70 8 34.6206
70 9 35.0461
70 10 34.9361
71 -20 0
71 -19 26.9235
71 -18 33.1748
71 -17 34.3497
71 -16 34.7788
71 -15 34.8015
71 -14 34.8285
71 -13 34.8495
71 -12 34.8137
71 -11 34.8495
71 -10 34.8752
71 -9 34.4808
71 -8 34.8954
71 -7 34.8514
71 -6 34.8025
71 -5 0
71 -4 0
71 -3 0
71 -2 32.3137
71 -1 0
71 0 0
71 1 0
71 2 34.9678
71 3 0
71 4 35.0511
71 5 34.5945
71 6 35.0733
71 7 35.0629
71 8 34.4626
71 9 35.0544
71 10 0
72 -20 0
72 -19 18.7554
72 -18 0
72 -17 0
72 -16 0
72 -15 0
72 -14 0
72 -13 0
72 -12 0
72 -11 34.1061
72 -10 34.6624
72 -9 0
72 -8 33.6205
72 -7 0
72 -6 0
72 -5 0
72 -4 27.2734
72 -3 0
72 -2 0
72 -1 34.132
72 0 0
72 1 34.9088
72 2 35.074
72 3 34.868
72 4 35.0589
72 5 35.0584
72 6 34.9992
72 7 0
72 8 35.1295
72 9 35.0697
72 10 34.8518
73 -20 0
73 -19 0
73 -18 0
73 -17 0
73 -16 0
73 -15 0
73 -14 0
73 -13 0
73 -12 0
73 -11 0
73 -10 0
73 -9 0
73 -8 0
73 -7 0
73 -6 0
73 -5 0
73 -4 0
73 -3 0
73 -2 34.8667
73 -1 34.8783
73 0 0
73 1 34.9463
73 2 0
73 3 0
73 4 35.0223
73 5 33.4721
73 6 0
73 7 0
73 8 33.8222
73 9 0
73 10 35.0617
74 -20 0
74 -19 0
74 -18 0
74 -17 0
74 -16 0
74 -15 0
74 -14 0
74 -13 0
74 -12 0
74 -11 0
74 -10 0
74 -9 0
74 -8 0
74 -7 0
74 -6 0
74 -5 34.7431
74 -4 34.7733
74 -3 34.8539
74 -2 0
74 -1 27.9846
74 0 0
74 1 34.9212
74 2 0
74 3 34.3488
74 4 0
74 5 35.0215
74 6 33.6536
74 7 34.8603
74 8 35.024
74 9 34.9786
74 10 32.9777
75 -20 0
75 -19 0
75 -18 0
75 -17 0
75 -16 0
75 -15 0
75 -14 0
75 -13 0
75 -12 0
75 -11 0
75 -10 32.8427
75 -9 33.3672
75 -8 33.6153
75 -7 34.0391
75 -6 34.5892
75 -5 34.748
75 -4 34.7293
75 -3 34.7392
75 -2 34.7902
75 -1 34.8738
75 0 34.9035
75 1 31.3614
75 2 0
75 3 0
75 4 0
75 5 34.0037
75 6 0
75 7 35.0608
75 8 35.0167
75 9 34.1348
75 10 35.041
76 -20 0
76 -19 0
76 -18 0
76 -17 0
76 -16 0
76 -15 0
76 -14 0
76 -13 0
76 -12 0
76 -11 0
76 -10 33.66
76 -9 33.8067
76 -8 33.8233
76 -7 34.71
76 -6 0
76 -5 0
76 -4 0
76 -3 0
76 -2 0
76 -1 0
76 0 0
76 1 0
76 2 0
76 3 0
76 4 0
76 5 0
76 6 0
76 7 0
76 8 32.6295
76 9 0
76 10 0
77 -20 0
77 -19 0
77 -18 0
77 -17 0
77 -16 0
77 -15 0
77 -14 0
77 -13 0
77 -12 0
77 -11 33.075
77 -10 32.46
77 -9 0
77 -8 0
77 -7 0
77 -6 0
77 -5 0
77 -4 0
77 -3 0
77 -2 0
77 -1 0
77 0 0
77 1 0
77 2 0
77 3 0
77 4 0
77 5 0
77 6 0
77 7 0
77 8 33.5596
77 9 0
77 10 0
78 -20 0
78 -19 0
78 -18 0
78 -17 0
78 -16 0
78 -15 0
78 -14 0
78 -13 0
78 -12 0
78 -11 0
78 -10 0
78 -9 0
78 -8 0
78 -7 0
78 -6 0
78 -5 0
78 -4 0
78 -3 0
78 -2 0
78 -1 0
78 0 0
78 1 0
78 2 0
78 3 0
78 4 0
78 5 0
78 6 0
78 7 34.795
78 8 34.925
78 9 34.9485
78 10 35.0384
79 -20 0
79 -19 0
79 -18 0
79 -17 0
79 -16 0
79 -15 0
79 -14 0
79 -13 0
79 -12 0
79 -11 0
79 -10 0
79 -9 31.48
79 -8 31.66
79 -7 0
79 -6 31.8433
79 -5 32
79 -4 31.83
79 -3 33.525
79 -2 34.21
79 -1 34.4
79 0 33.61
79 1 33.42
79 2 33.4
79 3 34.228
79 4 34.8
79 5 34.96
79 6 34.96
79 7 34.9338
79 8 35.0146
79 9 34.8252
79 10 34.8074
80 -20 0
80 -19 0
80 -18 0
80 -17 0
80 -16 0
80 -15 0
80 -14 0
80 -13 0
80 -12 0
80 -11 0
80 -10 0
80 -9 0
80 -8 0
80 -7 0
80 -6 0
80 -5 0
80 -4 0
80 -3 0
80 -2 0
80 -1 0
80 0 0
80 1 0
80 2 0
80 3 0
80 4 0
80 5 0
80 6 32.8737
80 7 34.2182
80 8 35.0012
80 9 34.0986
80 10 0