50 -20 0
50 -19 0
50 -18 0
50 -17 0
50 -16 0
50 -15 0
50 -14 0
50 -13 0
50 -12 14.7175
50 -11 15.2162
50 -10 15.0114
50 -9 15.5459
50 -8 15.8699
50 -7 15.2987
50 -6 0
50 -5 0
50 -4 16.0067
50 -3 17.0575
50 -2 17.375
50 -1 13.5235
50 0 12.8443
50 1 11.3564
50 2 15.99
50 3 0
50 4 0
50 5 0
50 6 0
50 7 0
50 8 0
50 9 0
50 10 0
51 -20 0
51 -19 0
51 -18 0
51 -17 0
51 -16 11.1001
51 -15 11.0046
51 -14 12.4943
51 -13 15.7708
51 -12 15.2635
51 -11 14.5624
51 -10 14.014
51 -9 13.2178
51 -8 13.3082
51 -7 14.1559
51 -6 13.7374
51 -5 13.6152
51 -4 15.4444
51 -3 17.03
51 -2 16.25
51 -1 16.68
51 0 13.0869
51 1 11.3049
51 2 8.6739
51 3 6.4664
51 4 0
51 5 0
51 6 0
51 7 0
51 8 0
51 9 0
51 10 0
52 -20 0
52 -19 0
52 -18 12.45
52 -17 0
52 -16 10.3788
52 -15 11.224
52 -14 12.0992
52 -13 11.0153
52 -12 12.7079
52 -11 13.3067
52 -10 11.9952
52 -9 8.7091
52 -8 12.1963
52 -7 13.6594
52 -6 14.1373
52 -5 7.3647
52 -4 7.1112
52 -3 6.5352
52 -2 6.1129
52 -1 5.7070
52 0 5.8443
52 1 6.164
52 2 9.0921
52 3 9.9111
52 4 10.9056
52 5 4.2803
52 6 3.9134
52 7 4.1322
52 8 0
52 9 0
52 10 0
53 -20 0
53 -19 0
53 -18 11.0591
53 -17 0
53 -16 11.4197
53 -15 11.2288
53 -14 10.8773
53 -13 10.99
53 -12 11.797
53 -11 13.1097
53 -10 12.0655
53 -9 10.5624
53 -8 10.403
53 -7 10.7001
53 -6 10.321
53 -5 9.4421
53 -4 9.0432
53 -3 9.5012
53 -2 9.1141
53 -1 8.1919
53 0 7.444
53 1 7.763
53 2 10.7692
53 3 11.0555
53 4 11.1048
53 5 11.4627
53 6 10.8901
53 7 10.6674
53 8 0
53 9 0
53 10 0
54 -20 0
54 -19 0
54 -18 11.7994
54 -17 11.6432
54 -16 10.4398
54 -15 10.7165
54 -14 11.1524
54 -13 12.403
54 -12 11.9604
54 -11 12.5873
54 -10 11.0886
54 -9 10.94
54 -8 0
54 -7 0
54 -6 0
54 -5 0
54 -4 0
54 -3 0
54 -2 0
54 -1 0
54 0 9.7971
54 1 10.6147
54 2 11.3873
54 3 11.1673
54 4 11.2549
54 5 12.7687
54 6 11.534
54 7 12.144
54 8 10.8741
54 9 0
54 10 15.43
55 -20 0
55 -19 10.8279
55 -18 11.2468
55 -17 9.9324
55 -16 10.6904
55 -15 10.3959
55 -14 10.2606
55 -13 9.9876
55 -12 10.2294
55 -11 12.6331
55 -10 11.457
55 -9 11.1211
55 -8 11.3037
55 -7 11.659
55 -6 7.7675
55 -5 9.4379
55 -4 0
55 -3 0
55 -2 0
55 -1 11.8024
55 0 12.6086
55 1 11.2483
55 2 14.1587
55 3 11.3452
55 4 12.5707
55 5 12.0947
55 6 13.3442
55 7 12.2722
55 8 13.0349
55 9 11.5623
55 10 12.4574
56 -20 0
56 -19 9.665
56 -18 9.648
56 -17 9.675
56 -16 10.243
56 -15 11.6076
56 -14 9.876
56 -13 9.7022
56 -12 9.8426
56 -11 9.8869
56 -10 9.7439
56 -9 10.5656
56 -8 10.8401
56 -7 10.3834
56 -6 9.095
56 -5 10.7169
56 -4 0
56 -3 13.1204
56 -2 11.0511
56 -1 11.0403
56 0 11.553
56 1 12.2299
56 2 12.858
56 3 11.7666
56 4 11.449
56 5 12.5394
56 6 12.6402
56 7 11.0603
56 8 12.215
56 9 0
56 10 12.1373
57 -20 0
57 -19 0
57 -18 0
57 -17 9.3239
57 -16 9.0892
57 -15 11.9978
57 -14 11.9107
57 -13 11.3617
57 -12 11.3
57 -11 12.2282
57 -10 11.9496
57 -9 10.5586
57 -8 11.1807
57 -7 9.4653
57 -6 9.7
57 -5 0
57 -4 0
57 -3 0
57 -2 10.732
57 -1 10.616
57 0 10.4406
57 1 10.7336
57 2 11.4946
57 3 10.8414
57 4 10.8919
57 5 13.0752
57 6 11.555
57 7 11.5501
57 8 11.3045
57 9 13.5946
57 10 14.2987
58 -20 12.4046
58 -19 12.5008
58 -18 12.623
58 -17 12.8853
58 -16 11.705
58 -15 12.6401
58 -14 12.5021
58 -13 12.7951
58 -12 10.867
58 -11 11.361
58 -10 9.5452
58 -9 10.4465
58 -8 10.5671
58 -7 8.59
58 -6 9.8233
58 -5 8.4
58 -4 10.1678
58 -3 10.4128
58 -2 11.0661
58 -1 11.4352
58 0 12.2356
58 1 10.5856
58 2 11.7639
58 3 12.111
58 4 10.9201
58 5 10.0012
58 6 9.0157
58 7 9.3766
58 8 8.6602
58 9 10.1401
58 10 10.2828
59 -20 0
59 -19 10.325
59 -18 11.7925
59 -17 11.5828
59 -16 10.5443
59 -15 9.1978
59 -14 8.8152
59 -13 9.0363
59 -12 9.2795
59 -11 10.6002
59 -10 9.6135
59 -9 9.3011
59 -8 10.4092
59 -7 10.3487
59 -6 10.0925
59 -5 10.7761
59 -4 10.1204
59 -3 11.9704
59 -2 9.9739
59 -1 9.9797
59 0 10.2089
59 1 10.5043
59 2 11.2742
59 3 10.9334
59 4 10.2466
59 5 8.9354
59 6 7.4825
59 7 0
59 8 0
59 9 11.5868
59 10 9.5504
60 -20 11.5857
60 -19 11.0996
60 -18 0
60 -17 0
60 -16 10.981
60 -15 0
60 -14 0
60 -13 0
60 -12 10.4421
60 -11 0
60 -10 11.0215
60 -9 0
60 -8 9.1289
60 -7 11.935
60 -6 10.871
60 -5 10.8655
60 -4 10.6502
60 -3 11.7201
60 -2 10.4536
60 -1 10.8567
60 0 10.0182
60 1 10.5593
60 2 12.5667
60 3 11.4899
60 4 9.277
60 5 10.2904
60 6 8.2894
60 7 8.2766
60 8 8.4321
60 9 8.0141
60 10 8.4915
61 -20 10.5041
61 -19 10.4438
61 -18 9.5019
61 -17 9.2315
61 -16 9.4141
61 -15 8.4321
61 -14 8.0093
61 -13 8.4120
61 -12 8.1179
61 -11 8.9901
61 -10 7.8891
61 -9 7.1417
61 -8 7.5526
61 -7 7.97
61 -6 8.324
61 -5 9.6675
61 -4 9.5399
61 -3 9.6806
61 -2 10.3779
61 -1 10.416
61 0 9.5568
61 1 10.1368
61 2 9.8607
61 3 10.2786
61 4 11.0235
61 5 8.142
61 6 9.4867
61 7 10.2885
61 8 9.113
61 9 10.895
61 10 10.1623
62 -20 11.2482
62 -19 11.2423
62 -18 10.5039
62 -17 10.3491
62 -16 9.4003
62 -15 9.1674
62 -14 9.1048
62 -13 0
62 -12 0
62 -11 0
62 -10 0
62 -9 0
62 -8 0
62 -7 10.55
62 -6 8.7325
62 -5 8.8933
62 -4 9.1792
62 -3 0
62 -2 11.017
62 -1 10.3162
62 0 10.0606
62 1 10.5604
62 2 11.7973
62 3 8.828
62 4 10.3829
62 5 7.8885
62 6 8.9355
62 7 8.5057
62 8 0
62 9 0
62 10 0
63 -20 10.2537
63 -19 0
63 -18 0
63 -17 0
63 -16 0
63 -15 0
63 -14 0
63 -13 0
63 -12 0
63 -11 0
63 -10 0
63 -9 0
63 -8 0
63 -7 0
63 -6 0
63 -5 0
63 -4 0
63 -3 0
63 -2 0
63 -1 11.319
63 0 9.604
63 1 12.691
63 2 9.588
63 3 9.2619
63 4 9.3934
63 5 7.3597
63 6 7.9343
63 7 7.0023
63 8 9.1716
63 9 8.7597
63 10 0
64 -20 0
64 -19 0
64 -18 0
64 -17 0
64 -16 0
64 -15 0
64 -14 8.0335
64 -13 7.832
64 -12 7.848
64 -11 7.693
64 -10 0
64 -9 6.858
64 -8 0
64 -7 4.274
64 -6 0
64 -5 0
64 -4 5.391
64 -3 0
64 -2 5.759
64 -1 0
64 0 8.8227
64 1 8.5793
64 2 9.419
64 3 8.035
64 4 11.408
64 5 10.042
64 6 8.4428
64 7 8.4912
64 8 9.4994
64 9 7.4132
64 10 9.7708
65 -20 0
65 -19 0
65 -18 0
65 -17 0
65 -16 0
65 -15 0
65 -14 0
65 -13 3.023
65 -12 0
65 -11 4.544
65 -10 0
65 -9 0
65 -8 4.495
65 -7 0
65 -6 4.665
65 -5 0
65 -4 6.154
65 -3 0
65 -2 10.078
65 -1 7.204
65 0 8.4192
65 1 7.4625
65 2 9.7325
65 3 0
65 4 7.9275
65 5 10.404
65 6 8.0645
65 7 9.552
65 8 7.5914
65 9 7.4046
65 10 7.26
66 -20 0
66 -19 0
66 -18 0
66 -17 0
66 -16 0
66 -15 0
66 -14 2.507
66 -13 0
66 -12 3.523
66 -11 1.847
66 -10 9.191
66 -9 0
66 -8 0
66 -7 9.534
66 -6 0
66 -5 9.216
66 -4 10.541
66 -3 10.573
66 -2 0
66 -1 11.491
66 0 7.74
66 1 9.96
66 2 9.2371
66 3 0
66 4 9.0415
66 5 8.6
66 6 9.4475
66 7 7.58
66 8 12.079
66 9 7.33
66 10 6.8323
67 -20 0
67 -19 0
67 -18 0
67 -17 0
67 -16 7.3547
67 -15 10.474
67 -14 7.6144
67 -13 7.294
67 -12 0
67 -11 3.241
67 -10 8.168
67 -9 5.453
67 -8 8.044
67 -7 0
67 -6 8.9625
67 -5 6.7315
67 -4 9.926
67 -3 0
67 -2 7.269
67 -1 0
67 0 8.442
67 1 7.0618
67 2 10.241
67 3 7.34
67 4 7.4505
67 5 9.4765
67 6 7.92
67 7 8.4
67 8 8.4645
67 9 7.7005
67 10 8.2267
68 -20 6.8507
68 -19 5.39
68 -18 3.2201
68 -17 6.5755
68 -16 7.1392
68 -15 0
68 -14 0
68 -13 6.295
68 -12 1.935
68 -11 0
68 -10 0
68 -9 3.399
68 -8 3.8252
68 -7 4.6146
68 -6 4.652
68 -5 0
68 -4 5.5137
68 -3 9.904
68 -2 0
68 -1 8.6765
68 0 6.676
68 1 7.8243
68 2 11.76
68 3 7.312
68 4 8.97
68 5 7.5297
68 6 10.872
68 7 7.1575
68 8 8.4357
68 9 9.095
68 10 9.0333
69 -20 0
69 -19 0
69 -18 3.5046
69 -17 3.6271
69 -16 5.2504
69 -15 5.5275
69 -14 6.6767
69 -13 7.076
69 -12 7.574
69 -11 0
69 -10 0
69 -9 3.2848
69 -8 0
69 -7 0
69 -6 0
69 -5 0
69 -4 7.847
69 -3 0
69 -2 0
69 -1 9.865
69 0 0
69 1 7.034
69 2 9.295
69 3 0
69 4 7.8475
69 5 0
69 6 0
69 7 8.2875
69 8 9.459
69 9 0
69 10 8.8475
70 -20 6.5543
70 -19 5.1918
70 -18 4.5048
70 -17 3.2735
70 -16 4.7505
70 -15 5.514
70 -14 5.3605
70 -13 5.713
70 -12 0
70 -11 0
70 -10 7.0215
70 -9 5.4345
70 -8 5.4903
70 -7 7.272
70 -6 5.851
70 -5 8.7355
70 -4 6.7114
70 -3 8.9967
70 -2 8.1027
70 -1 7.58
70 0 8.6253
70 1 6.9902
70 2 6.918
70 3 8.7215
70 4 6.3879
70 5 5.84
70 6 5.8627
70 7 7.9042
70 8 8.1652
70 9 7.3953
70 10 8.0075
71 -20 0
71 -19 2.593
71 -18 1.623
71 -17 2.2464
71 -16 4.3243
71 -15 4.8582
71 -14 5.1515
71 -13 3.8964
71 -12 5.3177
71 -11 5.6556
71 -10 5.5979
71 -9 5.6381
71 -8 3.9676
71 -7 5.4228
71 -6 5.404
71 -5 3.6633
71 -4 5.4592
71 -3 7.8343
71 -2 5.5114
71 -1 7.0455
71 0 7.3833
71 1 0
71 2 6.9031
71 3 0
71 4 9.9365
71 5 8.1172
71 6 6.393
71 7 6.207
71 8 9.8865
71 9 6.765
71 10 0
72 -20 0
72 -19 2.202
72 -18 0
72 -17 0
72 -16 0
72 -15 0
72 -14 0
72 -13 0
72 -12 0
72 -11 5.941
72 -10 6.2626
72 -9 0
72 -8 5.516
72 -7 0
72 -6 0
72 -5 7.475
72 -4 5.6593
72 -3 6.3773
72 -2 6.0742
72 -1 5.7285
72 0 7.3374
72 1 6.308
72 2 4.8757
72 3 6.1103
72 4 6.018
72 5 5.599
72 6 9.5505
72 7 0
72 8 6.093
72 9 5.597
72 10 8.889
73 -20 0
73 -19 0
73 -18 0
73 -17 0
73 -16 0
73 -15 0
73 -14 0
73 -13 0
73 -12 0
73 -11 0
73 -10 0
73 -9 0
73 -8 0
73 -7 6.578
73 -6 0
73 -5 0
73 -4 0
73 -3 0
73 -2 0.9385
73 -1 0.9422
73 0 -0.136
73 1 4.5224
73 2 0
73 3 0
73 4 9.502
73 5 7.843
73 6 0
73 7 0
73 8 8.8055
73 9 0
73 10 5.75
74 -20 0
74 -19 0
74 -18 0
74 -17 0
74 -16 0
74 -15 0
74 -14 0
74 -13 0
74 -12 0
74 -11 0
74 -10 0
74 -9 0
74 -8 0
74 -7 0
74 -6 0
74 -5 0.624
74 -4 4.3374
74 -3 0.8415
74 -2 0
74 -1 5.965
74 0 5.8035
74 1 2.069
74 2 0
74 3 4.2
74 4 0
74 5 3.576
74 6 8.578
74 7 8.6423
74 8 8.4515
74 9 6.7185
74 10 8.442
75 -20 0
75 -19 0
75 -18 0
75 -17 0
75 -16 0
75 -15 0
75 -14 0
75 -13 0
75 -12 3.3534
75 -11 3.9686
75 -10 4.8073
75 -9 4.3312
75 -8 4.5682
75 -7 4.7808
75 -6 3.9355
75 -5 3.1456
75 -4 4.2688
75 -3 4.2083
75 -2 5.0669
75 -1 3.4339
75 0 4.2217
75 1 4.283
75 2 0
75 3 0
75 4 0
75 5 6.5003
75 6 0
75 7 5.084
75 8 7.2587
75 9 7.003
75 10 5.586
76 -20 0
76 -19 0
76 -18 0
76 -17 0
76 -16 0
76 -15 0
76 -14 0
76 -13 0
76 -12 0
76 -11 0
76 -10 -1.47
76 -9 -0.6833
76 -8 -0.81
76 -7 1.3475
76 -6 0
76 -5 0
76 -4 0
76 -3 0
76 -2 0
76 -1 0
76 0 0
76 1 0
76 2 0
76 3 0
76 4 0
76 5 0
76 6 0
76 7 0
76 8 7.074
76 9 0
76 10 0
77 -20 0
77 -19 0
77 -18 0
77 -17 0
77 -16 0
77 -15 0
77 -14 0
77 -13 0
77 -12 0
77 -11 -1.76
77 -10 -1.69
77 -9 0
77 -8 0
77 -7 0
77 -6 0
77 -5 0
77 -4 0
77 -3 -0.67
77 -2 -0.22
77 -1 0.64
77 0 1.955
77 1 0
77 2 0
77 3 0
77 4 0
77 5 0
77 6 0
77 7 0
77 8 6.5675
77 9 0
77 10 0
78 -20 0
78 -19 0
78 -18 0
78 -17 0
78 -16 0
78 -15 0
78 -14 0
78 -13 0
78 -12 0
78 -11 0
78 -10 0
78 -9 0
78 -8 0
78 -7 0
78 -6 0
78 -5 0
78 -4 0
78 -3 0
78 -2 0
78 -1 0
78 0 0
78 1 0
78 2 0
78 3 0
78 4 0
78 5 0
78 6 0
78 7 6.515
78 8 7.525
78 9 5.6475
78 10 6.2673
79 -20 0
79 -19 0
79 -18 0
79 -17 0
79 -16 0
79 -15 0
79 -14 0
79 -13 0
79 -12 0
79 -11 0
79 -10 0
79 -9 -1.65
79 -8 -1.68
79 -7 0
79 -6 -1.4
79 -5 -1.38
79 -4 -1.44
79 -3 -0.99
79 -2 0.18
79 -1 1.38
79 0 0.9225
79 1 -1.23
79 2 -0.67
79 3 3.808
79 4 2.95
79 5 3.61
79 6 3.73
79 7 5.1561
79 8 5.1359
79 9 3.7693
79 10 2.7527
80 -20 0
80 -19 0
80 -18 0
80 -17 0
80 -16 0
80 -15 0
80 -14 0
80 -13 0
80 -12 0
80 -11 0
80 -10 0
80 -9 0
80 -8 0
80 -7 0
80 -6 0
80 -5 0
80 -4 0
80 -3 0
80 -2 0
80 -1 0
80 0 0
80 1 0
80 2 0
80 3 0
80 4 0
80 5 0
80 6 3.148
80 7 5.2963
80 8 3.757
80 9 3.2714
80 10 0